﻿Year,Age,mx,qx,ax,lx,dx,Lx,Tx,ex
2016,0,0.00317,0.00317,0.14,100000,317,99729,8159626,81.6
2016,1,0.00028,0.00028,0.5,99683,28,99669,8059897,80.85
2016,2,0.00014,0.00014,0.5,99655,14,99648,7960228,79.88
2016,3,0.00012,0.00012,0.5,99641,12,99635,7860579,78.89
2016,4,0.00005,0.00005,0.5,99629,5,99627,7760944,77.9
2016,5,0.00012,0.00012,0.5,99624,12,99619,7661317,76.9
2016,6,0.00002,0.00002,0.5,99613,2,99611,7561699,75.91
2016,7,0.00011,0.00011,0.5,99610,11,99605,7462087,74.91
2016,8,0.00006,0.00006,0.5,99599,6,99596,7362483,73.92
2016,9,0.0001,0.0001,0.5,99593,10,99588,7262887,72.93
2016,10,0.00007,0.00007,0.5,99583,7,99580,7163298,71.93
2016,11,0.00008,0.00008,0.5,99576,8,99572,7063718,70.94
2016,12,0.0001,0.0001,0.5,99568,9,99563,6964146,69.94
2016,13,0.00007,0.00007,0.5,99559,7,99555,6864583,68.95
2016,14,0.00007,0.00007,0.5,99552,7,99548,6765028,67.96
2016,15,0.00017,0.00017,0.5,99544,17,99536,6665480,66.96
2016,16,0.00023,0.00023,0.5,99527,23,99516,6565944,65.97
2016,17,0.00024,0.00024,0.5,99504,24,99492,6466428,64.99
2016,18,0.00041,0.00041,0.5,99480,40,99460,6366936,64
2016,19,0.00042,0.00042,0.5,99440,42,99419,6267476,63.03
2016,20,0.00049,0.00049,0.5,99398,49,99373,6168057,62.05
2016,21,0.00037,0.00037,0.5,99349,37,99330,6068684,61.08
2016,22,0.00039,0.00039,0.5,99311,38,99292,5969354,60.11
2016,23,0.00027,0.00027,0.5,99273,27,99260,5870062,59.13
2016,24,0.00027,0.00027,0.5,99246,27,99233,5770802,58.15
2016,25,0.00036,0.00036,0.5,99219,36,99202,5671569,57.16
2016,26,0.00042,0.00042,0.5,99184,42,99163,5572367,56.18
2016,27,0.00028,0.00028,0.5,99142,27,99128,5473204,55.21
2016,28,0.00049,0.00049,0.5,99114,48,99090,5374076,54.22
2016,29,0.00036,0.00036,0.5,99066,36,99048,5274986,53.25
2016,30,0.00041,0.00041,0.5,99030,40,99010,5175938,52.27
2016,31,0.00057,0.00057,0.5,98990,56,98962,5076928,51.29
2016,32,0.0005,0.0005,0.5,98934,49,98909,4977966,50.32
2016,33,0.00056,0.00056,0.5,98884,55,98857,4879057,49.34
2016,34,0.00054,0.00054,0.5,98829,54,98803,4780200,48.37
2016,35,0.00057,0.00057,0.5,98776,56,98748,4681397,47.39
2016,36,0.00069,0.00069,0.5,98720,69,98686,4582649,46.42
2016,37,0.00066,0.00066,0.5,98651,65,98619,4483964,45.45
2016,38,0.00068,0.00068,0.5,98587,67,98553,4385344,44.48
2016,39,0.00069,0.00069,0.5,98520,68,98486,4286791,43.51
2016,40,0.00087,0.00087,0.5,98452,85,98410,4188305,42.54
2016,41,0.00099,0.00099,0.5,98367,97,98318,4089896,41.58
2016,42,0.00087,0.00087,0.5,98270,85,98227,3991577,40.62
2016,43,0.00102,0.00102,0.5,98185,100,98135,3893350,39.65
2016,44,0.00144,0.00144,0.5,98085,141,98014,3795216,38.69
2016,45,0.00132,0.00132,0.5,97943,129,97879,3697202,37.75
2016,46,0.00154,0.00154,0.5,97814,151,97739,3599323,36.8
2016,47,0.00159,0.00159,0.5,97663,155,97586,3501584,35.85
2016,48,0.00199,0.00198,0.5,97508,194,97411,3403999,34.91
2016,49,0.0022,0.0022,0.5,97314,214,97207,3306587,33.98
2016,50,0.00233,0.00233,0.5,97101,226,96988,3209380,33.05
2016,51,0.00234,0.00234,0.5,96875,227,96761,3112392,32.13
2016,52,0.00271,0.00271,0.5,96648,262,96517,3015631,31.2
2016,53,0.00318,0.00317,0.5,96386,306,96233,2919114,30.29
2016,54,0.00369,0.00368,0.5,96080,354,95903,2822881,29.38
2016,55,0.00366,0.00366,0.5,95726,350,95551,2726978,28.49
2016,56,0.00467,0.00466,0.5,95376,445,95154,2631426,27.59
2016,57,0.00533,0.00532,0.5,94932,505,94679,2536272,26.72
2016,58,0.00542,0.0054,0.5,94427,510,94172,2441593,25.86
2016,59,0.00611,0.00609,0.5,93917,572,93631,2347421,24.99
2016,60,0.00643,0.00641,0.5,93345,598,93046,2253790,24.14
2016,61,0.00719,0.00716,0.5,92747,664,92415,2160744,23.3
2016,62,0.00841,0.00837,0.5,92083,771,91697,2068329,22.46
2016,63,0.00921,0.00916,0.5,91312,837,90893,1976632,21.65
2016,64,0.00935,0.0093,0.5,90475,842,90054,1885739,20.84
2016,65,0.01054,0.01049,0.5,89633,940,89163,1795685,20.03
2016,66,0.01174,0.01167,0.5,88693,1035,88175,1706522,19.24
2016,67,0.01289,0.01281,0.5,87658,1123,87096,1618346,18.46
2016,68,0.01444,0.01433,0.5,86535,1240,85915,1531250,17.7
2016,69,0.01574,0.01561,0.5,85294,1332,84629,1445336,16.95
2016,70,0.01676,0.01662,0.5,83963,1395,83265,1360707,16.21
2016,71,0.01777,0.01761,0.5,82567,1454,81840,1277442,15.47
2016,72,0.0191,0.01892,0.5,81113,1535,80346,1195602,14.74
2016,73,0.02164,0.02141,0.5,79579,1704,78727,1115255,14.01
2016,74,0.02274,0.02248,0.5,77875,1751,77000,1036529,13.31
2016,75,0.02454,0.02424,0.5,76124,1845,75202,959529,12.6
2016,76,0.02702,0.02666,0.5,74279,1981,73289,884327,11.91
2016,77,0.03031,0.02986,0.5,72298,2159,71219,811039,11.22
2016,78,0.0331,0.03256,0.5,70139,2284,68998,739820,10.55
2016,79,0.03687,0.0362,0.5,67856,2457,66627,670822,9.89
2016,80,0.04241,0.04153,0.5,65399,2716,64041,604195,9.24
2016,81,0.04793,0.04681,0.5,62683,2934,61216,540154,8.62
2016,82,0.05647,0.05492,0.5,59749,3281,58108,478938,8.02
2016,83,0.06424,0.06224,0.5,56468,3515,54710,420830,7.45
2016,84,0.07249,0.06996,0.5,52953,3704,51101,366119,6.91
2016,85,0.08365,0.08029,0.5,49248,3954,47271,315019,6.4
2016,86,0.09638,0.09195,0.5,45294,4165,43212,267747,5.91
2016,87,0.10961,0.10391,0.5,41130,4274,38993,224535,5.46
2016,88,0.12822,0.1205,0.5,36856,4441,34635,185543,5.03
2016,89,0.14041,0.1312,0.5,32415,4253,30288,150907,4.66
2016,90,0.16125,0.14922,0.5,28162,4202,26061,120619,4.28
2016,91,0.18371,0.16825,0.5,23960,4031,21944,94558,3.95
2016,92,0.20693,0.18753,0.5,19928,3737,18060,72614,3.64
2016,93,0.23459,0.20997,0.5,16191,3400,14491,54554,3.37
2016,94,0.24292,0.21661,0.5,12792,2771,11406,40063,3.13
2016,95,0.28447,0.24905,0.5,10021,2496,8773,28656,2.86
2016,96,0.31594,0.27284,0.5,7525,2053,6499,19883,2.64
2016,97,0.34934,0.29739,0.5,5472,1627,4658,13385,2.45
2016,98,0.38444,0.32246,0.5,3845,1240,3225,8726,2.27
2016,99,0.42095,0.34775,0.5,2605,906,2152,5501,2.11
2016,100,0.45848,0.37298,0.5,1699,634,1382,3349,1.97
2016,101,0.49664,0.39785,0.5,1065,424,853,1967,1.85
2016,102,0.53497,0.42207,0.5,641,271,506,1114,1.74
2016,103,0.57301,0.4454,0.5,371,165,288,608,1.64
2016,104,0.61031,0.46761,0.5,206,96,158,319,1.55
2016,105,0.64645,0.48854,0.5,109,53,83,162,1.48
2016,106,0.68106,0.50806,0.5,56,28,42,79,1.41
2016,107,0.71385,0.52608,0.5,28,14,20,37,1.36
2016,108,0.74459,0.54259,0.5,13,7,10,17,1.31
2016,109,0.77311,0.55758,0.5,6,3,4,8,1.27
2016,110,0.79934,1,1.25,3,3,3,3,1.25
