﻿Year,Age,mx,qx,ax,lx,dx,Lx,Tx,ex
2016,0,0.00284,0.00284,0.14,100000,284,99757,7899270,78.99
2016,1,0.00027,0.00027,0.5,99716,27,99703,7799513,78.22
2016,2,0.00015,0.00015,0.5,99690,15,99682,7699810,77.24
2016,3,0.00015,0.00015,0.5,99674,15,99667,7600128,76.25
2016,4,0.00008,0.00008,0.5,99660,8,99656,7500461,75.26
2016,5,0.00007,0.00007,0.5,99652,7,99648,7400805,74.27
2016,6,0.00007,0.00007,0.5,99645,7,99641,7301157,73.27
2016,7,0.00011,0.00011,0.5,99637,11,99632,7201516,72.28
2016,8,0.00007,0.00007,0.5,99627,7,99623,7101884,71.29
2016,9,0.00004,0.00004,0.5,99620,4,99618,7002261,70.29
2016,10,0.00004,0.00004,0.5,99616,4,99614,6902643,69.29
2016,11,0.00011,0.00011,0.5,99612,11,99606,6803029,68.3
2016,12,0.00008,0.00008,0.5,99601,8,99597,6703423,67.3
2016,13,0.00014,0.00014,0.5,99593,14,99586,6603826,66.31
2016,14,0.00016,0.00016,0.5,99579,16,99571,6504240,65.32
2016,15,0.00013,0.00013,0.5,99563,13,99556,6404669,64.33
2016,16,0.00017,0.00017,0.5,99550,16,99542,6305113,63.34
2016,17,0.00024,0.00024,0.5,99533,24,99521,6205571,62.35
2016,18,0.00045,0.00045,0.5,99509,45,99487,6106050,61.36
2016,19,0.00042,0.00042,0.5,99465,42,99444,6006563,60.39
2016,20,0.00041,0.00041,0.5,99423,40,99403,5907119,59.41
2016,21,0.00044,0.00044,0.5,99383,43,99361,5807716,58.44
2016,22,0.00048,0.00048,0.5,99340,48,99316,5708355,57.46
2016,23,0.00051,0.00051,0.5,99292,51,99266,5609039,56.49
2016,24,0.00049,0.00049,0.5,99241,49,99216,5509773,55.52
2016,25,0.00049,0.00049,0.5,99192,49,99168,5410557,54.55
2016,26,0.00045,0.00045,0.5,99143,44,99121,5311389,53.57
2016,27,0.00054,0.00054,0.5,99099,53,99072,5212268,52.6
2016,28,0.00057,0.00057,0.5,99046,57,99017,5113196,51.62
2016,29,0.00045,0.00045,0.5,98989,45,98966,5014179,50.65
2016,30,0.00066,0.00066,0.5,98944,65,98912,4915212,49.68
2016,31,0.00063,0.00063,0.5,98879,62,98848,4816301,48.71
2016,32,0.00054,0.00054,0.5,98817,53,98791,4717452,47.74
2016,33,0.00062,0.00062,0.5,98764,61,98734,4618662,46.76
2016,34,0.00067,0.00067,0.5,98703,66,98670,4519928,45.79
2016,35,0.00084,0.00083,0.5,98638,82,98596,4421258,44.82
2016,36,0.0009,0.0009,0.5,98555,88,98511,4322661,43.86
2016,37,0.00097,0.00097,0.5,98467,96,98419,4224150,42.9
2016,38,0.00088,0.00088,0.5,98371,86,98328,4125731,41.94
2016,39,0.00088,0.00087,0.5,98285,86,98242,4027403,40.98
2016,40,0.00112,0.00112,0.5,98199,110,98144,3929161,40.01
2016,41,0.0012,0.0012,0.5,98089,117,98030,3831017,39.06
2016,42,0.00133,0.00133,0.5,97971,130,97906,3732987,38.1
2016,43,0.00146,0.00146,0.5,97841,143,97770,3635081,37.15
2016,44,0.00172,0.00172,0.5,97698,168,97614,3537311,36.21
2016,45,0.002,0.002,0.5,97530,195,97433,3439697,35.27
2016,46,0.00211,0.0021,0.5,97335,205,97233,3342264,34.34
2016,47,0.00243,0.00243,0.5,97130,236,97013,3245031,33.41
2016,48,0.00259,0.00258,0.5,96895,250,96769,3148019,32.49
2016,49,0.00304,0.00303,0.5,96644,293,96498,3051249,31.57
2016,50,0.00314,0.00314,0.5,96351,302,96200,2954752,30.67
2016,51,0.00341,0.0034,0.5,96049,327,95885,2858552,29.76
2016,52,0.0039,0.00389,0.5,95722,372,95536,2762667,28.86
2016,53,0.00432,0.00431,0.5,95349,411,95144,2667131,27.97
2016,54,0.00444,0.00443,0.5,94939,420,94729,2571987,27.09
2016,55,0.0053,0.00529,0.5,94519,500,94269,2477258,26.21
2016,56,0.00574,0.00572,0.5,94019,538,93750,2382990,25.35
2016,57,0.0065,0.00647,0.5,93481,605,93178,2289240,24.49
2016,58,0.00772,0.00769,0.5,92876,714,92519,2196062,23.65
2016,59,0.00807,0.00804,0.5,92161,741,91791,2103543,22.82
2016,60,0.0086,0.00856,0.5,91421,783,91029,2011752,22.01
2016,61,0.00988,0.00983,0.5,90638,891,90192,1920723,21.19
2016,62,0.01058,0.01052,0.5,89747,945,89275,1830531,20.4
2016,63,0.01219,0.01212,0.5,88802,1076,88264,1741256,19.61
2016,64,0.01279,0.0127,0.5,87726,1114,87169,1652992,18.84
2016,65,0.01471,0.01461,0.5,86612,1265,85979,1565823,18.08
2016,66,0.01537,0.01525,0.5,85347,1302,84696,1479843,17.34
2016,67,0.01705,0.0169,0.5,84045,1421,83335,1395148,16.6
2016,68,0.01872,0.01855,0.5,82624,1533,81858,1311813,15.88
2016,69,0.02014,0.01994,0.5,81092,1617,80283,1229955,15.17
2016,70,0.02244,0.02219,0.5,79475,1763,78593,1149672,14.47
2016,71,0.02437,0.02407,0.5,77711,1871,76776,1071079,13.78
2016,72,0.02647,0.02612,0.5,75840,1981,74850,994303,13.11
2016,73,0.0291,0.02868,0.5,73860,2119,72800,919453,12.45
2016,74,0.03172,0.03122,0.5,71741,2240,70621,846652,11.8
2016,75,0.03287,0.03234,0.5,69501,2247,68377,776031,11.17
2016,76,0.03875,0.03801,0.5,67254,2556,65975,707654,10.52
2016,77,0.04243,0.04155,0.5,64697,2688,63353,641679,9.92
2016,78,0.04688,0.04581,0.5,62009,2841,60589,578325,9.33
2016,79,0.05022,0.04899,0.5,59169,2899,57719,517736,8.75
2016,80,0.05904,0.05735,0.5,56270,3227,54657,460017,8.18
2016,81,0.06239,0.0605,0.5,53043,3209,51439,405360,7.64
2016,82,0.07224,0.06972,0.5,49834,3475,48097,353921,7.1
2016,83,0.08196,0.07873,0.5,46360,3650,44535,305824,6.6
2016,84,0.09393,0.08972,0.5,42710,3832,40794,261290,6.12
2016,85,0.10884,0.10322,0.5,38878,4013,36871,220496,5.67
2016,86,0.11945,0.11272,0.5,34865,3930,32900,183625,5.27
2016,87,0.13661,0.12787,0.5,30935,3956,28957,150725,4.87
2016,88,0.1562,0.14488,0.5,26979,3909,25025,121768,4.51
2016,89,0.17098,0.15751,0.5,23070,3634,21253,96744,4.19
2016,90,0.19507,0.17773,0.5,19436,3455,17709,75490,3.88
2016,91,0.20492,0.18587,0.5,15982,2971,14497,57781,3.62
2016,92,0.23922,0.21367,0.5,13011,2780,11621,43285,3.33
2016,93,0.26517,0.23413,0.5,10231,2395,9034,31663,3.09
2016,94,0.2768,0.24315,0.5,7836,1905,6883,22630,2.89
2016,95,0.31806,0.27442,0.5,5931,1627,5117,15747,2.66
2016,96,0.34894,0.2971,0.5,4303,1278,3664,10630,2.47
2016,97,0.38125,0.32021,0.5,3025,969,2540,6966,2.3
2016,98,0.41476,0.34352,0.5,2056,706,1703,4426,2.15
2016,99,0.4492,0.36681,0.5,1350,495,1102,2723,2.02
2016,100,0.48423,0.38985,0.5,855,333,688,1620,1.9
2016,101,0.51953,0.4124,0.5,521,215,414,932,1.79
2016,102,0.55473,0.43428,0.5,306,133,240,518,1.69
2016,103,0.58948,0.45529,0.5,173,79,134,278,1.61
2016,104,0.62344,0.47528,0.5,94,45,72,145,1.53
2016,105,0.6563,0.49415,0.5,50,24,37,73,1.46
2016,106,0.68779,0.51179,0.5,25,13,19,35,1.41
2016,107,0.7177,0.52817,0.5,12,6,9,17,1.35
2016,108,0.74584,0.54325,0.5,6,3,4,8,1.31
2016,109,0.77211,0.55705,0.5,3,1,2,3,1.28
2016,110,0.79643,1,1.26,1,1,1,1,1.26
