﻿Year,Age,mx,qx,ax,lx,dx,Lx,Tx,ex
2015,0,0.00168,0.00168,0.15,100000,168,99856,8143956,81.44
2015,1,0.00009,0.00009,0.5,99832,9,99828,8044099,80.58
2015,2,0.00013,0.00013,0.5,99823,13,99817,7944272,79.58
2015,3,0.00008,0.00008,0.5,99810,8,99806,7844455,78.59
2015,4,0.00006,0.00006,0.5,99802,6,99799,7744649,77.6
2015,5,0.00008,0.00008,0.5,99795,8,99791,7644850,76.61
2015,6,0.00002,0.00002,0.5,99787,2,99787,7545059,75.61
2015,7,0.00005,0.00005,0.5,99786,5,99783,7445272,74.61
2015,8,0.00003,0.00003,0.5,99781,3,99779,7345489,73.62
2015,9,0.00008,0.00008,0.5,99778,8,99773,7245710,72.62
2015,10,0.00005,0.00005,0.5,99769,5,99767,7145936,71.62
2015,11,0.00017,0.00017,0.5,99764,17,99756,7046169,70.63
2015,12,0.00009,0.00009,0.5,99748,9,99743,6946413,69.64
2015,13,0.00014,0.00014,0.5,99739,14,99732,6846670,68.65
2015,14,0.00005,0.00005,0.5,99725,5,99722,6746938,67.66
2015,15,0.00017,0.00017,0.5,99720,17,99711,6647216,66.66
2015,16,0.00019,0.00019,0.5,99703,19,99694,6547504,65.67
2015,17,0.0002,0.0002,0.5,99684,20,99674,6447811,64.68
2015,18,0.00029,0.00029,0.5,99664,29,99650,6348136,63.7
2015,19,0.00049,0.00049,0.5,99635,49,99611,6248486,62.71
2015,20,0.00041,0.00041,0.5,99587,40,99567,6148875,61.74
2015,21,0.0005,0.0005,0.5,99547,49,99522,6049308,60.77
2015,22,0.00055,0.00055,0.5,99497,55,99470,5949786,59.8
2015,23,0.00039,0.00039,0.5,99442,39,99423,5850317,58.83
2015,24,0.00055,0.00055,0.5,99404,54,99377,5750894,57.85
2015,25,0.00055,0.00054,0.5,99349,54,99322,5651517,56.89
2015,26,0.00054,0.00054,0.5,99295,54,99269,5552195,55.92
2015,27,0.00041,0.00041,0.5,99242,41,99221,5452926,54.95
2015,28,0.0005,0.0005,0.5,99201,49,99176,5353705,53.97
2015,29,0.00064,0.00064,0.5,99152,64,99120,5254529,52.99
2015,30,0.00064,0.00064,0.5,99088,63,99056,5155409,52.03
2015,31,0.0007,0.0007,0.5,99025,70,98990,5056353,51.06
2015,32,0.00059,0.00059,0.5,98955,58,98926,4957363,50.1
2015,33,0.0007,0.0007,0.5,98897,70,98862,4858438,49.13
2015,34,0.00073,0.00073,0.5,98827,72,98791,4759576,48.16
2015,35,0.00062,0.00062,0.5,98755,62,98724,4660785,47.2
2015,36,0.00075,0.00075,0.5,98694,74,98656,4562060,46.22
2015,37,0.00087,0.00087,0.5,98619,86,98576,4463404,45.26
2015,38,0.00088,0.00088,0.5,98533,86,98490,4364827,44.3
2015,39,0.00095,0.00095,0.5,98447,94,98400,4266337,43.34
2015,40,0.00105,0.00105,0.5,98353,103,98302,4167937,42.38
2015,41,0.00101,0.00101,0.5,98250,99,98201,4069636,41.42
2015,42,0.00108,0.00108,0.5,98151,106,98098,3971435,40.46
2015,43,0.00112,0.00112,0.5,98045,110,97990,3873337,39.51
2015,44,0.00157,0.00157,0.5,97935,154,97858,3775347,38.55
2015,45,0.00206,0.00205,0.5,97781,201,97681,3677489,37.61
2015,46,0.00188,0.00188,0.5,97580,183,97489,3579808,36.69
2015,47,0.00185,0.00185,0.5,97397,180,97307,3482319,35.75
2015,48,0.00218,0.00218,0.5,97217,212,97111,3385012,34.82
2015,49,0.00236,0.00236,0.5,97005,229,96891,3287901,33.89
2015,50,0.00274,0.00273,0.5,96776,264,96644,3191010,32.97
2015,51,0.00295,0.00294,0.5,96512,284,96370,3094366,32.06
2015,52,0.00346,0.00346,0.5,96228,333,96061,2997996,31.16
2015,53,0.00305,0.00305,0.5,95895,292,95749,2901935,30.26
2015,54,0.0036,0.0036,0.5,95603,344,95431,2806186,29.35
2015,55,0.00408,0.00407,0.5,95259,388,95065,2710755,28.46
2015,56,0.00518,0.00517,0.5,94871,490,94626,2615690,27.57
2015,57,0.00528,0.00527,0.5,94381,497,94132,2521064,26.71
2015,58,0.00516,0.00515,0.5,93884,483,93642,2426932,25.85
2015,59,0.006,0.00598,0.5,93400,559,93121,2333290,24.98
2015,60,0.00636,0.00634,0.5,92841,589,92547,2240169,24.13
2015,61,0.00757,0.00754,0.5,92253,695,91905,2147622,23.28
2015,62,0.00768,0.00765,0.5,91557,700,91207,2055717,22.45
2015,63,0.00911,0.00907,0.5,90857,824,90445,1964509,21.62
2015,64,0.00982,0.00977,0.5,90033,880,89593,1874064,20.82
2015,65,0.01081,0.01075,0.5,89153,959,88674,1784471,20.02
2015,66,0.01135,0.01128,0.5,88195,995,87697,1695797,19.23
2015,67,0.01209,0.01202,0.5,87199,1048,86675,1608100,18.44
2015,68,0.01329,0.0132,0.5,86152,1138,85583,1521425,17.66
2015,69,0.01443,0.01433,0.5,85014,1218,84405,1435842,16.89
2015,70,0.01626,0.01613,0.5,83796,1351,83120,1351437,16.13
2015,71,0.01644,0.01631,0.5,82445,1345,81772,1268317,15.38
2015,72,0.01819,0.01803,0.5,81100,1462,80369,1186544,14.63
2015,73,0.02051,0.0203,0.5,79638,1617,78830,1106175,13.89
2015,74,0.0223,0.02205,0.5,78021,1721,77161,1027346,13.17
2015,75,0.02511,0.0248,0.5,76301,1892,75355,950185,12.45
2015,76,0.02827,0.02788,0.5,74408,2074,73371,874830,11.76
2015,77,0.03059,0.03013,0.5,72334,2179,71244,801459,11.08
2015,78,0.03584,0.03521,0.5,70155,2470,68920,730214,10.41
2015,79,0.04034,0.03955,0.5,67685,2677,66346,661295,9.77
2015,80,0.04412,0.04317,0.5,65008,2806,63605,594949,9.15
2015,81,0.04821,0.04707,0.5,62202,2928,60738,531344,8.54
2015,82,0.05662,0.05506,0.5,59274,3264,57642,470606,7.94
2015,83,0.06615,0.06403,0.5,56010,3586,54217,412965,7.37
2015,84,0.0739,0.07127,0.5,52424,3736,50556,358748,6.84
2015,85,0.08728,0.08363,0.5,48687,4072,46652,308192,6.33
2015,86,0.10415,0.09899,0.5,44616,4417,42407,261541,5.86
2015,87,0.10998,0.10425,0.5,40199,4191,38104,219133,5.45
2015,88,0.12381,0.1166,0.5,36008,4198,33909,181030,5.03
2015,89,0.14446,0.13473,0.5,31810,4286,29667,147121,4.63
2015,90,0.1655,0.15285,0.5,27524,4207,25421,117454,4.27
2015,91,0.18111,0.16607,0.5,23317,3872,21381,92033,3.95
2015,92,0.19817,0.1803,0.5,19445,3506,17692,70652,3.63
2015,93,0.238,0.21269,0.5,15939,3390,14244,52961,3.32
2015,94,0.24937,0.22172,0.5,12549,2782,11158,38717,3.09
2015,95,0.28927,0.25272,0.5,9766,2468,8532,27559,2.82
2015,96,0.32124,0.27678,0.5,7298,2020,6288,19027,2.61
2015,97,0.35513,0.30158,0.5,5278,1592,4482,12739,2.41
2015,98,0.3907,0.32685,0.5,3686,1205,3084,8257,2.24
2015,99,0.42762,0.3523,0.5,2481,874,2044,5173,2.08
2015,100,0.46551,0.37762,0.5,1607,607,1304,3128,1.95
2015,101,0.50394,0.40252,0.5,1000,403,799,1824,1.82
2015,102,0.54245,0.42671,0.5,598,255,470,1025,1.72
2015,103,0.58056,0.44995,0.5,343,154,266,555,1.62
2015,104,0.61784,0.47202,0.5,188,89,144,290,1.54
2015,105,0.65386,0.49276,0.5,100,49,75,146,1.46
2015,106,0.68827,0.51205,0.5,50,26,38,71,1.4
2015,107,0.72078,0.52983,0.5,25,13,18,33,1.35
2015,108,0.75118,0.54608,0.5,12,6,8,15,1.3
2015,109,0.77932,0.5608,0.5,5,3,4,7,1.27
2015,110,0.80513,1,1.24,2,2,3,3,1.24
