﻿Year,Age,mx,qx,ax,lx,dx,Lx,Tx,ex
2016,0,0.00316,0.00315,0.14,100000,315,99730,8250154,82.5
2016,1,0.00034,0.00034,0.5,99685,33,99668,8150424,81.76
2016,2,0.00017,0.00017,0.5,99652,17,99643,8050756,80.79
2016,3,0.00013,0.00013,0.5,99635,13,99628,7951113,79.8
2016,4,0.00005,0.00005,0.5,99622,5,99620,7851484,78.81
2016,5,0.00014,0.00014,0.5,99617,14,99611,7751865,77.82
2016,6,0.00008,0.00008,0.5,99604,8,99600,7652254,76.83
2016,7,0.00009,0.00009,0.5,99596,9,99591,7552654,75.83
2016,8,0.00013,0.00013,0.5,99587,13,99581,7453063,74.84
2016,9,0.00009,0.00009,0.5,99574,9,99570,7353483,73.85
2016,10,0.00009,0.00009,0.5,99565,9,99561,7253913,72.86
2016,11,0.00007,0.00007,0.5,99556,7,99553,7154352,71.86
2016,12,0.00009,0.00009,0.5,99549,9,99544,7054800,70.87
2016,13,0.00012,0.00012,0.5,99539,12,99533,6955256,69.87
2016,14,0.00016,0.00016,0.5,99527,16,99519,6855722,68.88
2016,15,0.0002,0.0002,0.5,99511,20,99501,6756203,67.89
2016,16,0.0002,0.0002,0.5,99491,20,99481,6656702,66.91
2016,17,0.00022,0.00022,0.5,99471,22,99460,6557222,65.92
2016,18,0.00039,0.00039,0.5,99449,38,99430,6457762,64.94
2016,19,0.00028,0.00028,0.5,99410,28,99396,6358332,63.96
2016,20,0.00036,0.00036,0.5,99383,36,99365,6258936,62.98
2016,21,0.00034,0.00034,0.5,99347,34,99330,6159571,62
2016,22,0.00024,0.00024,0.5,99313,24,99301,6060241,61.02
2016,23,0.00034,0.00034,0.5,99289,34,99272,5960940,60.04
2016,24,0.0003,0.0003,0.5,99255,29,99240,5861669,59.06
2016,25,0.00029,0.00029,0.5,99225,29,99211,5762429,58.07
2016,26,0.00038,0.00038,0.5,99197,38,99178,5663218,57.09
2016,27,0.00044,0.00044,0.5,99159,43,99137,5564040,56.11
2016,28,0.00036,0.00036,0.5,99115,35,99098,5464903,55.14
2016,29,0.00042,0.00042,0.5,99080,41,99060,5365805,54.16
2016,30,0.00041,0.00041,0.5,99039,40,99019,5266745,53.18
2016,31,0.00033,0.00033,0.5,98999,33,98982,5167727,52.2
2016,32,0.00051,0.00051,0.5,98966,51,98940,5068744,51.22
2016,33,0.00043,0.00043,0.5,98915,42,98894,4969804,50.24
2016,34,0.00061,0.00061,0.5,98872,60,98842,4870910,49.26
2016,35,0.00051,0.00051,0.5,98812,50,98787,4772068,48.29
2016,36,0.00051,0.00051,0.5,98762,51,98736,4673281,47.32
2016,37,0.00071,0.00071,0.5,98711,71,98676,4574545,46.34
2016,38,0.00068,0.00068,0.5,98640,67,98607,4475869,45.38
2016,39,0.00083,0.00083,0.5,98573,82,98532,4377263,44.41
2016,40,0.00081,0.00081,0.5,98491,80,98452,4278730,43.44
2016,41,0.00072,0.00072,0.5,98412,71,98376,4180279,42.48
2016,42,0.00092,0.00091,0.5,98341,90,98296,4081902,41.51
2016,43,0.0011,0.0011,0.5,98251,108,98197,3983606,40.55
2016,44,0.00134,0.00134,0.5,98143,131,98078,3885409,39.59
2016,45,0.00109,0.00108,0.5,98012,106,97959,3787332,38.64
2016,46,0.0015,0.0015,0.5,97906,146,97833,3689373,37.68
2016,47,0.00155,0.00155,0.5,97759,151,97684,3591540,36.74
2016,48,0.00156,0.00156,0.5,97608,153,97532,3493856,35.79
2016,49,0.0019,0.0019,0.5,97456,185,97363,3396325,34.85
2016,50,0.0019,0.00189,0.5,97270,184,97178,3298962,33.92
2016,51,0.00224,0.00224,0.5,97086,217,96978,3201783,32.98
2016,52,0.00251,0.00251,0.5,96869,243,96747,3104806,32.05
2016,53,0.00288,0.00287,0.5,96626,278,96487,3008059,31.13
2016,54,0.00352,0.00351,0.5,96348,338,96179,2911572,30.22
2016,55,0.00377,0.00376,0.5,96010,361,95829,2815393,29.32
2016,56,0.00382,0.00382,0.5,95648,365,95466,2719564,28.43
2016,57,0.00383,0.00383,0.5,95283,365,95101,2624098,27.54
2016,58,0.005,0.00499,0.5,94919,474,94682,2528997,26.64
2016,59,0.00439,0.00438,0.5,94445,414,94238,2434315,25.77
2016,60,0.0057,0.00569,0.5,94031,535,93764,2340077,24.89
2016,61,0.00588,0.00586,0.5,93497,548,93223,2246313,24.03
2016,62,0.00639,0.00637,0.5,92949,592,92653,2153090,23.16
2016,63,0.00686,0.00684,0.5,92357,631,92041,2060437,22.31
2016,64,0.00812,0.00809,0.5,91725,742,91354,1968397,21.46
2016,65,0.00868,0.00864,0.5,90983,786,90590,1877042,20.63
2016,66,0.00954,0.0095,0.5,90197,857,89769,1786452,19.81
2016,67,0.01008,0.01003,0.5,89340,896,88892,1696684,18.99
2016,68,0.01037,0.01032,0.5,88444,913,87987,1607791,18.18
2016,69,0.01292,0.01283,0.5,87531,1123,86969,1519804,17.36
2016,70,0.01381,0.01371,0.5,86408,1185,85815,1432835,16.58
2016,71,0.01547,0.01535,0.5,85223,1308,84569,1347019,15.81
2016,72,0.01725,0.0171,0.5,83915,1435,83197,1262450,15.04
2016,73,0.02017,0.01997,0.5,82480,1647,81656,1179253,14.3
2016,74,0.02177,0.02154,0.5,80833,1741,79962,1097597,13.58
2016,75,0.02434,0.02404,0.5,79092,1902,78141,1017634,12.87
2016,76,0.02614,0.0258,0.5,77190,1992,76194,939493,12.17
2016,77,0.02974,0.02931,0.5,75198,2204,74097,863299,11.48
2016,78,0.0326,0.03208,0.5,72995,2342,71824,789202,10.81
2016,79,0.03799,0.03728,0.5,70653,2634,69336,717379,10.15
2016,80,0.04315,0.04224,0.5,68019,2873,66582,648043,9.53
2016,81,0.05,0.04878,0.5,65146,3178,63557,581460,8.93
2016,82,0.05741,0.05581,0.5,61968,3458,60239,517903,8.36
2016,83,0.06466,0.06263,0.5,58510,3665,56677,457664,7.82
2016,84,0.06856,0.06629,0.5,54845,3636,53027,400987,7.31
2016,85,0.07998,0.0769,0.5,51210,3938,49240,347960,6.79
2016,86,0.09267,0.08856,0.5,47271,4187,45178,298719,6.32
2016,87,0.10798,0.10245,0.5,43085,4414,40878,253541,5.88
2016,88,0.11918,0.11248,0.5,38671,4350,36496,212663,5.5
2016,89,0.1247,0.11738,0.5,34321,4029,32307,176167,5.13
2016,90,0.14256,0.13308,0.5,30293,4031,28277,143860,4.75
2016,91,0.15739,0.14591,0.5,26261,3832,24345,115583,4.4
2016,92,0.17347,0.15963,0.5,22430,3580,20639,91238,4.07
2016,93,0.19273,0.17579,0.5,18849,3313,17192,70598,3.75
2016,94,0.21396,0.19328,0.5,15536,3003,14034,53406,3.44
2016,95,0.25552,0.22657,0.5,12533,2840,11113,39372,3.14
2016,96,0.2825,0.24753,0.5,9693,2399,8494,28259,2.92
2016,97,0.31108,0.26921,0.5,7294,1964,6312,19765,2.71
2016,98,0.3411,0.2914,0.5,5330,1553,4554,13453,2.52
2016,99,0.37235,0.31391,0.5,3777,1186,3184,8899,2.36
2016,100,0.40458,0.33651,0.5,2591,872,2155,5715,2.21
2016,101,0.43749,0.35897,0.5,1719,617,1411,3560,2.07
2016,102,0.47077,0.38107,0.5,1102,420,892,2149,1.95
2016,103,0.5041,0.40262,0.5,682,275,545,1257,1.84
2016,104,0.53714,0.42342,0.5,408,173,321,712,1.75
2016,105,0.56961,0.44334,0.5,235,104,183,391,1.66
2016,106,0.60121,0.46225,0.5,131,60,101,208,1.59
2016,107,0.63169,0.48006,0.5,70,34,53,107,1.52
2016,108,0.66086,0.49673,0.5,37,18,27,54,1.47
2016,109,0.68856,0.51222,0.5,18,9,14,26,1.43
2016,110,0.71469,1,1.4,9,9,13,13,1.4
