﻿Year,Age,mx,qx,ax,lx,dx,Lx,Tx,ex
2016,0,0.00247,0.00247,0.14,100000,247,99789,8234295,82.34
2016,1,0.0002,0.0002,0.5,99753,19,99743,8134506,81.55
2016,2,0.00011,0.00011,0.5,99734,11,99728,8034763,80.56
2016,3,0.00008,0.00008,0.5,99723,8,99719,7935035,79.57
2016,4,0.00012,0.00012,0.5,99714,12,99708,7835316,78.58
2016,5,0.00012,0.00012,0.5,99703,12,99697,7735608,77.59
2016,6,0.00013,0.00013,0.5,99691,13,99684,7635911,76.6
2016,7,0.00006,0.00006,0.5,99678,6,99675,7536226,75.61
2016,8,0.00006,0.00006,0.5,99672,6,99669,7436551,74.61
2016,9,0.00004,0.00004,0.5,99666,4,99664,7336882,73.61
2016,10,0.00004,0.00004,0.5,99662,4,99660,7237218,72.62
2016,11,0.00004,0.00004,0.5,99657,4,99655,7137559,71.62
2016,12,0.00008,0.00008,0.5,99653,8,99649,7037904,70.62
2016,13,0.00014,0.00014,0.5,99645,14,99638,6938255,69.63
2016,14,0.0001,0.0001,0.5,99631,10,99626,6838617,68.64
2016,15,0.00011,0.00011,0.5,99621,10,99616,6738991,67.65
2016,16,0.00015,0.00015,0.5,99610,15,99603,6639375,66.65
2016,17,0.00013,0.00013,0.5,99595,13,99588,6539772,65.66
2016,18,0.00032,0.00032,0.5,99582,32,99565,6440184,64.67
2016,19,0.00027,0.00027,0.5,99549,27,99536,6340619,63.69
2016,20,0.00033,0.00033,0.5,99523,33,99506,6241083,62.71
2016,21,0.00035,0.00035,0.5,99490,35,99472,6141576,61.73
2016,22,0.00037,0.00037,0.5,99455,37,99436,6042104,60.75
2016,23,0.00043,0.00043,0.5,99418,43,99396,5942668,59.77
2016,24,0.00041,0.00041,0.5,99375,41,99354,5843271,58.8
2016,25,0.00058,0.00058,0.5,99334,57,99305,5743917,57.82
2016,26,0.00049,0.00049,0.5,99277,48,99253,5644612,56.86
2016,27,0.00048,0.00048,0.5,99228,48,99205,5545359,55.88
2016,28,0.00043,0.00043,0.5,99181,43,99159,5446155,54.91
2016,29,0.0005,0.0005,0.5,99138,49,99113,5346995,53.94
2016,30,0.00057,0.00057,0.5,99088,57,99060,5247882,52.96
2016,31,0.00055,0.00055,0.5,99032,55,99004,5148823,51.99
2016,32,0.00063,0.00063,0.5,98977,62,98946,5049818,51.02
2016,33,0.00059,0.00059,0.5,98915,58,98885,4950873,50.05
2016,34,0.00055,0.00055,0.5,98856,55,98829,4851987,49.08
2016,35,0.00067,0.00067,0.5,98802,66,98769,4753158,48.11
2016,36,0.00061,0.00061,0.5,98736,60,98706,4654390,47.14
2016,37,0.0005,0.0005,0.5,98676,50,98651,4555684,46.17
2016,38,0.00067,0.00067,0.5,98626,66,98594,4457033,45.19
2016,39,0.0008,0.0008,0.5,98561,78,98522,4358439,44.22
2016,40,0.00079,0.00079,0.5,98482,78,98443,4259917,43.26
2016,41,0.00081,0.00081,0.5,98405,80,98365,4161474,42.29
2016,42,0.00093,0.00093,0.5,98325,92,98279,4063109,41.32
2016,43,0.00095,0.00095,0.5,98233,94,98186,3964830,40.36
2016,44,0.00095,0.00095,0.5,98139,93,98093,3866644,39.4
2016,45,0.00107,0.00107,0.5,98046,105,97994,3768551,38.44
2016,46,0.00135,0.00135,0.5,97942,132,97876,3670557,37.48
2016,47,0.00125,0.00125,0.5,97810,122,97749,3572681,36.53
2016,48,0.00161,0.00161,0.5,97688,158,97609,3474933,35.57
2016,49,0.00184,0.00184,0.5,97530,179,97441,3377324,34.63
2016,50,0.00191,0.00191,0.5,97351,186,97258,3279883,33.69
2016,51,0.00203,0.00203,0.5,97165,197,97066,3182625,32.75
2016,52,0.00211,0.00211,0.5,96968,204,96866,3085559,31.82
2016,53,0.00242,0.00242,0.5,96763,234,96646,2988693,30.89
2016,54,0.00282,0.00281,0.5,96529,272,96393,2892047,29.96
2016,55,0.00332,0.00331,0.5,96257,319,96098,2795653,29.04
2016,56,0.00364,0.00363,0.5,95939,348,95765,2699555,28.14
2016,57,0.00347,0.00346,0.5,95590,331,95425,2603791,27.24
2016,58,0.00405,0.00405,0.5,95260,385,95067,2508366,26.33
2016,59,0.00469,0.00467,0.5,94874,443,94652,2413299,25.44
2016,60,0.00542,0.00541,0.5,94431,511,94175,2318646,24.55
2016,61,0.00617,0.00615,0.5,93920,578,93631,2224471,23.68
2016,62,0.0069,0.00687,0.5,93342,641,93022,2130840,22.83
2016,63,0.00701,0.00698,0.5,92701,647,92377,2037818,21.98
2016,64,0.00799,0.00795,0.5,92054,732,91688,1945441,21.13
2016,65,0.00864,0.0086,0.5,91321,785,90929,1853753,20.3
2016,66,0.01009,0.01003,0.5,90536,909,90082,1762825,19.47
2016,67,0.01074,0.01069,0.5,89628,958,89149,1672743,18.66
2016,68,0.01157,0.0115,0.5,88670,1020,88160,1583594,17.86
2016,69,0.01244,0.01236,0.5,87650,1083,87109,1495434,17.06
2016,70,0.01398,0.01389,0.5,86567,1202,85966,1408326,16.27
2016,71,0.01611,0.01598,0.5,85365,1364,84683,1322360,15.49
2016,72,0.01805,0.01789,0.5,84000,1503,83249,1237677,14.73
2016,73,0.02047,0.02026,0.5,82498,1671,81662,1154428,13.99
2016,74,0.02048,0.02027,0.5,80827,1638,80007,1072766,13.27
2016,75,0.02343,0.02316,0.5,79188,1834,78271,992758,12.54
2016,76,0.02769,0.02731,0.5,77354,2112,76298,914487,11.82
2016,77,0.02983,0.02939,0.5,75242,2212,74136,838189,11.14
2016,78,0.03473,0.03413,0.5,73030,2493,71784,764053,10.46
2016,79,0.03906,0.03831,0.5,70537,2702,69186,692270,9.81
2016,80,0.04497,0.04398,0.5,67835,2984,66343,623083,9.19
2016,81,0.04997,0.04875,0.5,64851,3161,63271,556740,8.58
2016,82,0.05667,0.05511,0.5,61690,3400,59990,493469,8
2016,83,0.06377,0.0618,0.5,58291,3602,56490,433479,7.44
2016,84,0.07417,0.07152,0.5,54689,3911,52733,376989,6.89
2016,85,0.08537,0.08187,0.5,50777,4157,48699,324257,6.39
2016,86,0.09708,0.09258,0.5,46620,4316,44462,275558,5.91
2016,87,0.10998,0.10424,0.5,42304,4410,40099,231096,5.46
2016,88,0.11896,0.11229,0.5,37894,4255,35766,190997,5.04
2016,89,0.14061,0.13137,0.5,33639,4419,31429,155231,4.61
2016,90,0.16439,0.1519,0.5,29220,4438,27000,123802,4.24
2016,91,0.19152,0.17478,0.5,24781,4331,22616,96801,3.91
2016,92,0.20101,0.18266,0.5,20450,3735,18582,74186,3.63
2016,93,0.23508,0.21036,0.5,16715,3516,14957,55603,3.33
2016,94,0.26108,0.23093,0.5,13199,3048,11675,40647,3.08
2016,95,0.28645,0.25057,0.5,10151,2543,8879,28972,2.85
2016,96,0.31739,0.27392,0.5,7607,2084,6565,20093,2.64
2016,97,0.3501,0.29794,0.5,5523,1646,4701,13528,2.45
2016,98,0.38436,0.3224,0.5,3878,1250,3253,8827,2.28
2016,99,0.41989,0.34703,0.5,2628,912,2172,5574,2.12
2016,100,0.45635,0.37157,0.5,1716,638,1397,3403,1.98
2016,101,0.49339,0.39576,0.5,1078,427,865,2006,1.86
2016,102,0.53059,0.41934,0.5,652,273,515,1141,1.75
2016,103,0.56754,0.44209,0.5,378,167,295,626,1.65
2016,104,0.60385,0.46381,0.5,211,98,162,331,1.57
2016,105,0.63912,0.48434,0.5,113,55,86,169,1.5
2016,106,0.67304,0.50357,0.5,58,29,44,83,1.43
2016,107,0.7053,0.52142,0.5,29,15,21,40,1.37
2016,108,0.73569,0.53784,0.5,14,7,10,18,1.33
2016,109,0.76404,0.55284,0.5,6,4,5,8,1.29
2016,110,0.79027,1,1.27,3,3,4,4,1.27
