﻿Year,Age,mx,qx,ax,lx,dx,Lx,Tx,ex
2016,0,0.00387,0.00386,0.14,100000,386,99669,8103820,81.04
2016,1,0.00028,0.00028,0.5,99614,27,99601,8004152,80.35
2016,2,0.00016,0.00016,0.5,99587,16,99579,7904551,79.37
2016,3,0.00011,0.00011,0.5,99571,11,99566,7804972,78.39
2016,4,0.00009,0.00009,0.5,99560,9,99556,7705406,77.39
2016,5,0.00009,0.00009,0.5,99552,9,99547,7605850,76.4
2016,6,0.00007,0.00007,0.5,99543,7,99539,7506303,75.41
2016,7,0.00007,0.00007,0.5,99536,6,99532,7406764,74.41
2016,8,0.00005,0.00005,0.5,99529,5,99527,7307231,73.42
2016,9,0.00007,0.00007,0.5,99524,7,99521,7207705,72.42
2016,10,0.00007,0.00007,0.5,99517,7,99514,7108184,71.43
2016,11,0.00008,0.00008,0.5,99510,8,99506,7008670,70.43
2016,12,0.00008,0.00008,0.5,99502,8,99498,6909164,69.44
2016,13,0.00009,0.00009,0.5,99494,9,99490,6809666,68.44
2016,14,0.00013,0.00013,0.5,99485,13,99479,6710176,67.45
2016,15,0.00014,0.00014,0.5,99472,14,99465,6610697,66.46
2016,16,0.00019,0.00019,0.5,99459,19,99449,6511232,65.47
2016,17,0.00023,0.00023,0.5,99440,22,99428,6411783,64.48
2016,18,0.00031,0.00031,0.5,99417,31,99402,6312354,63.49
2016,19,0.00032,0.00032,0.5,99386,32,99370,6212953,62.51
2016,20,0.00036,0.00036,0.5,99354,36,99336,6113582,61.53
2016,21,0.0004,0.0004,0.5,99318,40,99298,6014246,60.56
2016,22,0.00038,0.00038,0.5,99278,38,99259,5914948,59.58
2016,23,0.0004,0.0004,0.5,99240,40,99220,5815689,58.6
2016,24,0.00042,0.00042,0.5,99200,42,99179,5716469,57.63
2016,25,0.00045,0.00045,0.5,99158,44,99136,5617290,56.65
2016,26,0.00046,0.00046,0.5,99114,46,99091,5518154,55.67
2016,27,0.00047,0.00047,0.5,99068,47,99045,5419062,54.7
2016,28,0.00053,0.00053,0.5,99022,53,98995,5320018,53.73
2016,29,0.00054,0.00054,0.5,98969,54,98942,5221022,52.75
2016,30,0.00059,0.00059,0.5,98915,59,98886,5122080,51.78
2016,31,0.00063,0.00063,0.5,98857,62,98826,5023194,50.81
2016,32,0.00073,0.00073,0.5,98795,72,98759,4924369,49.84
2016,33,0.00072,0.00072,0.5,98723,71,98687,4825610,48.88
2016,34,0.00078,0.00078,0.5,98652,77,98614,4726922,47.92
2016,35,0.00081,0.00081,0.5,98575,79,98536,4628309,46.95
2016,36,0.0009,0.0009,0.5,98496,88,98452,4529773,45.99
2016,37,0.00089,0.00089,0.5,98408,88,98364,4431321,45.03
2016,38,0.00097,0.00097,0.5,98320,95,98272,4332957,44.07
2016,39,0.00111,0.00111,0.5,98225,109,98170,4234685,43.11
2016,40,0.00123,0.00123,0.5,98116,120,98056,4136515,42.16
2016,41,0.00139,0.00139,0.5,97996,136,97927,4038459,41.21
2016,42,0.00141,0.00141,0.5,97859,138,97790,3940531,40.27
2016,43,0.00163,0.00162,0.5,97721,159,97642,3842741,39.32
2016,44,0.00182,0.00182,0.5,97563,177,97474,3745099,38.39
2016,45,0.00188,0.00188,0.5,97385,183,97294,3647625,37.46
2016,46,0.00198,0.00198,0.5,97202,192,97106,3550332,36.53
2016,47,0.00223,0.00222,0.5,97010,216,96902,3453226,35.6
2016,48,0.0023,0.0023,0.5,96794,222,96683,3356324,34.67
2016,49,0.00245,0.00245,0.5,96572,237,96453,3259641,33.75
2016,50,0.00277,0.00277,0.5,96335,267,96202,3163188,32.84
2016,51,0.00297,0.00296,0.5,96068,285,95926,3066986,31.93
2016,52,0.00323,0.00322,0.5,95784,309,95629,2971060,31.02
2016,53,0.00341,0.0034,0.5,95475,325,95313,2875431,30.12
2016,54,0.0037,0.00369,0.5,95150,351,94975,2780118,29.22
2016,55,0.00428,0.00427,0.5,94799,405,94597,2685144,28.32
2016,56,0.00462,0.00461,0.5,94394,435,94177,2590547,27.44
2016,57,0.00485,0.00484,0.5,93959,455,93732,2496370,26.57
2016,58,0.00539,0.00537,0.5,93504,503,93253,2402639,25.7
2016,59,0.00609,0.00607,0.5,93002,565,92719,2309386,24.83
2016,60,0.00654,0.00652,0.5,92437,603,92135,2216666,23.98
2016,61,0.0072,0.00717,0.5,91834,659,91504,2124531,23.13
2016,62,0.00799,0.00796,0.5,91175,725,90812,2033027,22.3
2016,63,0.00871,0.00868,0.5,90449,785,90057,1942215,21.47
2016,64,0.00936,0.00932,0.5,89665,836,89247,1852158,20.66
2016,65,0.01015,0.0101,0.5,88829,897,88381,1762911,19.85
2016,66,0.01139,0.01133,0.5,87932,996,87434,1674530,19.04
2016,67,0.01197,0.0119,0.5,86936,1034,86419,1587096,18.26
2016,68,0.01322,0.01314,0.5,85902,1129,85338,1500677,17.47
2016,69,0.01462,0.01452,0.5,84773,1231,84158,1415339,16.7
2016,70,0.01571,0.01559,0.5,83543,1302,82892,1331181,15.93
2016,71,0.01796,0.0178,0.5,82240,1464,81509,1248289,15.18
2016,72,0.02019,0.01999,0.5,80777,1615,79969,1166781,14.44
2016,73,0.02174,0.0215,0.5,79162,1702,78311,1086811,13.73
2016,74,0.02409,0.0238,0.5,77460,1844,76538,1008501,13.02
2016,75,0.02713,0.02677,0.5,75616,2024,74604,931963,12.32
2016,76,0.03077,0.0303,0.5,73592,2230,72477,857359,11.65
2016,77,0.03398,0.03341,0.5,71362,2384,70170,784882,11
2016,78,0.03785,0.03714,0.5,68978,2562,67697,714712,10.36
2016,79,0.04164,0.04079,0.5,66415,2709,65061,647016,9.74
2016,80,0.04727,0.04618,0.5,63706,2942,62236,581955,9.13
2016,81,0.05276,0.0514,0.5,60765,3123,59203,519719,8.55
2016,82,0.05968,0.05795,0.5,57641,3340,55971,460516,7.99
2016,83,0.06849,0.06622,0.5,54301,3596,52503,404545,7.45
2016,84,0.07764,0.07474,0.5,50705,3790,48810,352042,6.94
2016,85,0.08776,0.08407,0.5,46915,3944,44943,303232,6.46
2016,86,0.09875,0.0941,0.5,42971,4044,40949,258289,6.01
2016,87,0.11057,0.10478,0.5,38927,4079,36888,217339,5.58
2016,88,0.12481,0.11747,0.5,34849,4094,32802,180451,5.18
2016,89,0.14093,0.13165,0.5,30755,4049,28730,147650,4.8
2016,90,0.15908,0.14736,0.5,26706,3935,24738,118919,4.45
2016,91,0.17598,0.16175,0.5,22771,3683,20929,94181,4.14
2016,92,0.19462,0.17736,0.5,19087,3385,17395,73252,3.84
2016,93,0.21657,0.19541,0.5,15702,3068,14168,55857,3.56
2016,94,0.23797,0.21267,0.5,12634,2687,11290,41689,3.3
2016,95,0.26598,0.23476,0.5,9947,2335,8779,30399,3.06
2016,96,0.29294,0.25551,0.5,7612,1945,6639,21619,2.84
2016,97,0.3215,0.27698,0.5,5667,1570,4882,14980,2.64
2016,98,0.35155,0.29899,0.5,4097,1225,3485,10098,2.46
2016,99,0.38291,0.32138,0.5,2872,923,2411,6613,2.3
2016,100,0.41537,0.34394,0.5,1949,670,1614,4202,2.16
2016,101,0.44868,0.36647,0.5,1279,469,1044,2588,2.02
2016,102,0.48257,0.38876,0.5,810,315,653,1544,1.91
2016,103,0.51671,0.41062,0.5,495,203,394,891,1.8
2016,104,0.55079,0.43186,0.5,292,126,229,498,1.71
2016,105,0.58449,0.45231,0.5,166,75,128,269,1.62
2016,106,0.6175,0.47183,0.5,91,43,69,140,1.55
2016,107,0.64954,0.4903,0.5,48,24,36,71,1.48
2016,108,0.68035,0.50766,0.5,24,12,18,35,1.43
2016,109,0.70972,0.52383,0.5,12,6,9,17,1.38
2016,110+,0.73748,1,1.36,6,6,8,8,1.36
