﻿Year,Age,mx,qx,ax,lx,dx,Lx,Tx,ex
2016,0,0.00585,0.00582,0.14,100000,582,99498,7890526,78.91
2016,1,0.00039,0.00039,0.5,99418,39,99399,7791027,78.37
2016,2,0.00026,0.00026,0.5,99379,26,99366,7691629,77.4
2016,3,0.0002,0.0002,0.5,99353,20,99343,7592262,76.42
2016,4,0.00016,0.00016,0.5,99334,16,99326,7492919,75.43
2016,5,0.00014,0.00014,0.5,99318,13,99311,7393593,74.44
2016,6,0.00012,0.00012,0.5,99304,12,99298,7294283,73.45
2016,7,0.00013,0.00013,0.5,99292,13,99286,7194985,72.46
2016,8,0.00012,0.00012,0.5,99280,12,99274,7095699,71.47
2016,9,0.00011,0.00011,0.5,99268,11,99262,6996425,70.48
2016,10,0.00011,0.00011,0.5,99257,11,99251,6897163,69.49
2016,11,0.00012,0.00012,0.5,99246,12,99240,6797911,68.5
2016,12,0.00013,0.00013,0.5,99234,13,99227,6698671,67.5
2016,13,0.00016,0.00016,0.5,99221,16,99213,6599444,66.51
2016,14,0.00021,0.00021,0.5,99205,21,99195,6500231,65.52
2016,15,0.00028,0.00028,0.5,99185,28,99171,6401036,64.54
2016,16,0.00037,0.00037,0.5,99157,37,99138,6301865,63.55
2016,17,0.00049,0.00049,0.5,99120,48,99096,6202727,62.58
2016,18,0.00067,0.00067,0.5,99072,66,99039,6103631,61.61
2016,19,0.00075,0.00075,0.5,99006,74,98969,6004592,60.65
2016,20,0.00082,0.00082,0.5,98931,81,98891,5905624,59.69
2016,21,0.00095,0.00095,0.5,98851,94,98804,5806733,58.74
2016,22,0.00098,0.00098,0.5,98757,97,98708,5707929,57.8
2016,23,0.00103,0.00103,0.5,98660,102,98609,5609221,56.85
2016,24,0.00106,0.00106,0.5,98558,105,98505,5510612,55.91
2016,25,0.00112,0.00112,0.5,98453,110,98398,5412107,54.97
2016,26,0.00112,0.00111,0.5,98343,110,98288,5313709,54.03
2016,27,0.00119,0.00119,0.5,98233,117,98175,5215421,53.09
2016,28,0.00125,0.00125,0.5,98116,123,98055,5117247,52.15
2016,29,0.00123,0.00123,0.5,97993,121,97933,5019192,51.22
2016,30,0.00129,0.00129,0.5,97873,126,97810,4921259,50.28
2016,31,0.00134,0.00134,0.5,97747,131,97681,4823449,49.35
2016,32,0.00142,0.00142,0.5,97615,138,97546,4725768,48.41
2016,33,0.00144,0.00143,0.5,97477,140,97407,4628222,47.48
2016,34,0.00152,0.00152,0.5,97337,148,97264,4530814,46.55
2016,35,0.00156,0.00156,0.5,97190,152,97114,4433551,45.62
2016,36,0.00164,0.00163,0.5,97038,159,96959,4336437,44.69
2016,37,0.00168,0.00168,0.5,96880,163,96798,4239478,43.76
2016,38,0.00178,0.00178,0.5,96717,172,96631,4142680,42.83
2016,39,0.00183,0.00182,0.5,96544,176,96456,4046049,41.91
2016,40,0.00188,0.00188,0.5,96368,181,96278,3949593,40.98
2016,41,0.00197,0.00197,0.5,96188,190,96093,3853315,40.06
2016,42,0.00209,0.00208,0.5,95998,200,95898,3757222,39.14
2016,43,0.00233,0.00232,0.5,95798,223,95686,3661325,38.22
2016,44,0.00247,0.00247,0.5,95575,236,95457,3565638,37.31
2016,45,0.00265,0.00265,0.5,95339,252,95213,3470181,36.4
2016,46,0.00288,0.00287,0.5,95087,273,94950,3374968,35.49
2016,47,0.00304,0.00303,0.5,94814,288,94670,3280018,34.59
2016,48,0.00339,0.00339,0.5,94526,320,94366,3185348,33.7
2016,49,0.00373,0.00372,0.5,94206,351,94030,3090982,32.81
2016,50,0.00408,0.00407,0.5,93855,382,93664,2996951,31.93
2016,51,0.00443,0.00442,0.5,93473,413,93267,2903287,31.06
2016,52,0.00491,0.0049,0.5,93060,456,92832,2810021,30.2
2016,53,0.00537,0.00535,0.5,92604,496,92356,2717189,29.34
2016,54,0.00585,0.00583,0.5,92108,537,91839,2624833,28.5
2016,55,0.00633,0.00631,0.5,91571,578,91282,2532993,27.66
2016,56,0.00678,0.00676,0.5,90993,615,90685,2441712,26.83
2016,57,0.00737,0.00735,0.5,90378,664,90046,2351027,26.01
2016,58,0.00792,0.00789,0.5,89714,707,89360,2260981,25.2
2016,59,0.00859,0.00855,0.5,89006,761,88626,2171621,24.4
2016,60,0.0091,0.00906,0.5,88245,800,87845,2082996,23.6
2016,61,0.00978,0.00973,0.5,87445,851,87020,1995150,22.82
2016,62,0.01051,0.01046,0.5,86594,905,86142,1908131,22.04
2016,63,0.01119,0.01113,0.5,85689,954,85212,1821989,21.26
2016,64,0.01212,0.01205,0.5,84735,1021,84225,1736777,20.5
2016,65,0.01275,0.01266,0.5,83714,1060,83184,1652552,19.74
2016,66,0.01348,0.01339,0.5,82654,1107,82101,1569368,18.99
2016,67,0.01458,0.01447,0.5,81547,1180,80957,1487267,18.24
2016,68,0.01583,0.0157,0.5,80367,1262,79737,1406309,17.5
2016,69,0.01713,0.01699,0.5,79106,1344,78434,1326573,16.77
2016,70,0.0185,0.01833,0.5,77762,1426,77049,1248139,16.05
2016,71,0.02025,0.02005,0.5,76336,1531,75571,1171090,15.34
2016,72,0.0225,0.02225,0.5,74806,1665,73974,1095518,14.64
2016,73,0.02465,0.02435,0.5,73141,1781,72251,1021545,13.97
2016,74,0.02696,0.0266,0.5,71360,1898,70411,949294,13.3
2016,75,0.02944,0.02901,0.5,69462,2015,68454,878883,12.65
2016,76,0.0318,0.03131,0.5,67447,2112,66391,810428,12.02
2016,77,0.03527,0.03466,0.5,65335,2264,64203,744037,11.39
2016,78,0.03864,0.03791,0.5,63071,2391,61875,679834,10.78
2016,79,0.04283,0.04193,0.5,60680,2544,59408,617959,10.18
2016,80,0.04773,0.04661,0.5,58136,2710,56781,558551,9.61
2016,81,0.05272,0.05137,0.5,55426,2847,54002,501770,9.05
2016,82,0.05844,0.05678,0.5,52579,2986,51086,447768,8.52
2016,83,0.06435,0.06234,0.5,49593,3092,48047,396682,8
2016,84,0.07216,0.06964,0.5,46501,3239,44882,348635,7.5
2016,85,0.08062,0.0775,0.5,43263,3353,41586,303753,7.02
2016,86,0.08961,0.08577,0.5,39910,3423,38199,262167,6.57
2016,87,0.09934,0.09464,0.5,36487,3453,34761,223968,6.14
2016,88,0.10959,0.10389,0.5,33034,3432,31318,189208,5.73
2016,89,0.1202,0.11339,0.5,29602,3357,27924,157890,5.33
2016,90,0.13523,0.12667,0.5,26246,3324,24583,129966,4.95
2016,91,0.15254,0.14173,0.5,22921,3249,21297,105382,4.6
2016,92,0.17023,0.15688,0.5,19672,3086,18129,84086,4.27
2016,93,0.1905,0.17393,0.5,16586,2885,15144,65956,3.98
2016,94,0.21159,0.19134,0.5,13701,2622,12391,50813,3.71
2016,95,0.22873,0.20525,0.5,11080,2274,9943,38422,3.47
2016,96,0.25098,0.223,0.5,8806,1964,7824,28479,3.23
2016,97,0.27469,0.24152,0.5,6842,1652,6016,20656,3.02
2016,98,0.2998,0.26072,0.5,5189,1353,4513,14640,2.82
2016,99,0.32624,0.28049,0.5,3836,1076,3298,10127,2.64
2016,100,0.35392,0.3007,0.5,2760,830,2345,6829,2.47
2016,101,0.38268,0.32122,0.5,1930,620,1620,4483,2.32
2016,102,0.41238,0.34189,0.5,1310,448,1086,2863,2.18
2016,103,0.44282,0.36255,0.5,862,313,706,1777,2.06
2016,104,0.47378,0.38304,0.5,550,211,444,1071,1.95
2016,105,0.50502,0.40321,0.5,339,137,271,626,1.85
2016,106,0.53631,0.42291,0.5,202,86,160,355,1.76
2016,107,0.56739,0.442,0.5,117,52,91,196,1.68
2016,108,0.59802,0.46036,0.5,65,30,50,105,1.61
2016,109,0.62796,0.47791,0.5,35,17,27,55,1.56
2016,110,0.65701,1,1.52,18,18,28,28,1.52
